40
42.00 40.00 0.1000 0.00 0.20 0.50 C 0.00 4.759423036851750055
42.00 40.00 0.1000 0.00 0.20 0.50 P 0.00 0.808600016880314021
100.00 100.00 0.0500 0.00 0.15 1.00 P 0.00 3.714602051381290071
100.00 100.00 0.0500 0.00 0.15 1.00 C 0.00 8.591659601309890704
60.00 65.00 0.0800 0.00 0.30 0.25 C 0.00 2.133371966735750025
100.00 90.00 0.1000 0.00 0.10 0.10 C 0.00 10.895610714793999563
100.00 90.00 0.1000 0.00 0.10 0.50 C 0.00 14.421570828843300660
100.00 90.00 0.1000 0.00 0.10 1.00 C 0.00 18.630859120667498274
100.00 100.00 0.1000 0.00 0.10 0.10 C 0.00 1.814984118378420108
100.00 100.00 0.1000 0.00 0.10 0.50 C 0.00 5.850273604284979889
100.00 100.00 0.1000 0.00 0.10 1.00 C 0.00 10.308147243666800463
100.00 110.00 0.1000 0.00 0.10 0.10 C 0.00 0.003523074865584340
100.00 110.00 0.1000 0.00 0.10 0.50 C 0.00 1.140722843827409960
100.00 110.00 0.1000 0.00 0.10 1.00 C 0.00 4.216747020308850402
100.00 90.00 0.1000 0.00 0.25 0.10 C 0.00 11.135244618346700207
100.00 90.00 0.1000 0.00 0.25 0.50 C 0.00 16.092638844092299166
100.00 90.00 0.1000 0.00 0.25 1.00 C 0.00 21.163454658480098658
100.00 100.00 0.1000 0.00 0.25 0.10 C 0.00 3.659962660310000171
100.00 100.00 0.1000 0.00 0.25 0.50 C 0.00 9.582231441086729973
100.00 100.00 0.1000 0.00 0.25 1.00 C 0.00 14.975798441718900733
100.00 110.00 0.1000 0.00 0.25 0.10 C 0.00 0.589613262035412977
100.00 110.00 0.1000 0.00 0.25 0.50 C 0.00 5.123575416865319809
100.00 110.00 0.1000 0.00 0.25 1.00 C 0.00 10.160055944516599880
100.00 90.00 0.1000 0.00 0.50 0.10 C 0.00 12.919509619564699676
100.00 90.00 0.1000 0.00 0.50 0.50 C 0.00 21.438280655724401669
100.00 90.00 0.1000 0.00 0.50 1.00 C 0.00 28.643647264488201643
100.00 100.00 0.1000 0.00 0.50 0.10 C 0.00 6.779936664291260406
100.00 100.00 0.1000 0.00 0.50 0.50 C 0.00 16.263193147074300526
100.00 100.00 0.1000 0.00 0.50 1.00 C 0.00 23.926745214162700393
100.00 110.00 0.1000 0.00 0.50 0.10 C 0.00 3.061909566605539812
100.00 110.00 0.1000 0.00 0.50 0.50 C 0.00 12.155688815568700178
100.00 110.00 0.1000 0.00 0.50 1.00 C 0.00 19.929858372066298955
100.00 90.00 0.1000 0.00 0.10 0.10 P 0.00 0.000095752219082624
100.00 90.00 0.1000 0.00 0.10 0.50 P 0.00 0.032219033907538303
100.00 90.00 0.1000 0.00 0.10 1.00 P 0.00 0.066226743903883001
100.00 100.00 0.1000 0.00 0.10 0.10 P 0.00 0.819967493295226002
100.00 100.00 0.1000 0.00 0.10 0.50 P 0.00 0.973216054356396021
100.00 100.00 0.1000 0.00 0.10 1.00 P 0.00 0.791889047262799961
100.00 110.00 0.1000 0.00 0.10 0.10 P 0.00 8.909004787274069415
100.00 110.00 0.1000 0.00 0.10 0.50 P 0.00 5.775959538905960144
